n_eig=19
ref_cupy sum: 0.000000e+00
kernel  sum: 1.282062e+08
ref[0]:
[[0. 0. 0. 0. 0. 0. 0. 0. 0. 0. 0. 0. 0. 0. 0. 0. 0. 0. 0.]
 [0. 0. 0. 0. 0. 0. 0. 0. 0. 0. 0. 0. 0. 0. 0. 0. 0. 0. 0.]
 [0. 0. 0. 0. 0. 0. 0. 0. 0. 0. 0. 0. 0. 0. 0. 0. 0. 0. 0.]
 [0. 0. 0. 0. 0. 0. 0. 0. 0. 0. 0. 0. 0. 0. 0. 0. 0. 0. 0.]
 [0. 0. 0. 0. 0. 0. 0. 0. 0. 0. 0. 0. 0. 0. 0. 0. 0. 0. 0.]
 [0. 0. 0. 0. 0. 0. 0. 0. 0. 0. 0. 0. 0. 0. 0. 0. 0. 0. 0.]
 [0. 0. 0. 0. 0. 0. 0. 0. 0. 0. 0. 0. 0. 0. 0. 0. 0. 0. 0.]
 [0. 0. 0. 0. 0. 0. 0. 0. 0. 0. 0. 0. 0. 0. 0. 0. 0. 0. 0.]
 [0. 0. 0. 0. 0. 0. 0. 0. 0. 0. 0. 0. 0. 0. 0. 0. 0. 0. 0.]
 [0. 0. 0. 0. 0. 0. 0. 0. 0. 0. 0. 0. 0. 0. 0. 0. 0. 0. 0.]
 [0. 0. 0. 0. 0. 0. 0. 0. 0. 0. 0. 0. 0. 0. 0. 0. 0. 0. 0.]
 [0. 0. 0. 0. 0. 0. 0. 0. 0. 0. 0. 0. 0. 0. 0. 0. 0. 0. 0.]
 [0. 0. 0. 0. 0. 0. 0. 0. 0. 0. 0. 0. 0. 0. 0. 0. 0. 0. 0.]
 [0. 0. 0. 0. 0. 0. 0. 0. 0. 0. 0. 0. 0. 0. 0. 0. 0. 0. 0.]
 [0. 0. 0. 0. 0. 0. 0. 0. 0. 0. 0. 0. 0. 0. 0. 0. 0. 0. 0.]
 [0. 0. 0. 0. 0. 0. 0. 0. 0. 0. 0. 0. 0. 0. 0. 0. 0. 0. 0.]
 [0. 0. 0. 0. 0. 0. 0. 0. 0. 0. 0. 0. 0. 0. 0. 0. 0. 0. 0.]
 [0. 0. 0. 0. 0. 0. 0. 0. 0. 0. 0. 0. 0. 0. 0. 0. 0. 0. 0.]
 [0. 0. 0. 0. 0. 0. 0. 0. 0. 0. 0. 0. 0. 0. 0. 0. 0. 0. 0.]]

gpu[0]:
[[ 9841.08    8751.983   1768.6293  3543.6133  3905.6714  8061.91
  10326.99    7486.6924 10073.589   5676.2227 10786.995  10027.885
   3318.6526  6702.914   4371.932  10223.874  10503.229   9328.295
   8413.141 ]
 [ 8751.983   8442.746   1972.709   3366.3098  4038.5522  7120.4897
   9464.968   6665.6147  8985.306   5532.3525  9419.654   9259.0205
   3116.4001  6439.8325  4290.328   9115.999   9569.724   8204.609
   7446.2466]
 [ 1768.6293  1972.709   1786.2717  1262.1826  1852.3708  1205.3539
   1910.5613  1364.3823  1372.5212  1863.7473  1357.2816  1852.4084
   1118.3967  1818.5835  1698.4929  1426.2842  1766.7385  1401.0079
   1224.9746]
 [ 3543.6133  3366.3098  1262.1826  1987.5238  2023.7646  3010.102
   3792.0745  2906.1506  3672.3975  2515.321   3807.3813  3763.4795
   1615.9698  2738.4224  2108.154   3699.1682  3888.2566  3400.5188
   3195.9746]
 [ 3905.6714  4038.5522  1852.3708  2023.7646  3289.3413  2801.629
   4287.3745  2840.995   3624.2566  3262.7517  3414.97    4227.5903
   1796.8035  3450.1606  2696.128   3582.4424  4170.026   3335.652
   3100.221 ]
 [ 8061.91    7120.4897  1205.3539  3010.102   2801.629   7508.548
   8527.575   6539.192   8878.423   4441.1113  9635.537   8389.388
   2806.8362  5341.353   3464.8752  9030.3     8922.101   8192.205
   7518.4194]
 [10326.99    9464.968   1910.5613  3792.0745  4287.3745  8527.575
  11401.485   8029.5684 10781.871   6127.432  11504.198  10849.942
   3540.981   7233.195   4672.535  10894.238  11247.719   9975.289
   8972.539 ]
 [ 7486.6924  6665.6147  1364.3823  2906.1506  2840.995   6539.192
   8029.5684  6372.2188  8109.701   4262.738   8789.436   7857.8125
   2709.9038  5069.0996  3350.2332  8240.354   8270.091   7594.918
   6896.215 ]
 [10073.589   8985.306   1372.5212  3672.3975  3624.2566  8878.423
  10781.871   8109.701  11405.171   5600.6504 11862.353  10677.797
   3436.7874  6773.081   4317.436  11281.638  11254.694  10222.941
   9471.974 ]
 [ 5676.2227  5532.3525  1863.7473  2515.321   3262.7517  4441.1113
   6127.432   4262.738   5600.6504  4291.455   5703.9346  6016.667
   2259.9146  4515.407   3228.6406  5670.658   6129.374   5191.898
   4701.573 ]
 [10786.995   9419.654   1357.2816  3807.3813  3414.97    9635.537
  11504.198   8789.436  11862.353   5703.9346 13236.04   11259.97
   3622.6118  6961.7593  4404.0454 12088.83   11989.22   11045.124
   9998.22  ]
 [10027.885   9259.0205  1852.4084  3763.4795  4227.5903  8389.388
  10849.942   7857.8125 10677.797   6016.667  11259.97   10959.11
   3480.5176  7099.324   4676.579  10846.495  11173.251   9828.857
   8951.622 ]
 [ 3318.6526  3116.4001  1118.3967  1615.9698  1796.8035  2806.8362
   3540.981   2709.9038  3436.7874  2259.9146  3622.6118  3480.5176
   1783.4358  2489.1025  1887.1967  3476.6482  3631.4014  3225.2217
   3035.1938]
 [ 6702.914   6439.8325  1818.5835  2738.4224  3450.1606  5341.353
   7233.195   5069.0996  6773.081   4515.407   6961.7593  7099.324
   2489.1025  5353.988   3514.3916  6836.548   7295.448   6218.329
   5604.796 ]
 [ 4371.932   4290.328   1698.4929  2108.154   2696.128   3464.8752
   4672.535   3350.2332  4317.436   3228.6406  4404.0454  4676.579
   1887.1967  3514.3916  2943.3037  4386.1787  4738.417   4002.853
   3690.2563]
 [10223.874   9115.999   1426.2842  3699.1682  3582.4424  9030.3
  10894.238   8240.354  11281.638   5670.658  12088.83   10846.495
   3476.6482  6836.548   4386.1787 11714.513  11452.748  10361.195
   9489.896 ]
 [10503.229   9569.724   1766.7385  3888.2566  4170.026   8922.101
  11247.719   8270.091  11254.694   6129.374  11989.22   11173.251
   3631.4014  7295.448   4738.417  11452.748  11961.67   10398.465
   9450.713 ]
 [ 9328.295   8204.609   1401.0079  3400.5188  3335.652   8192.205
   9975.289   7594.918  10222.941   5191.898  11045.124   9828.857
   3225.2217  6218.329   4002.853  10361.195  10398.465   9809.088
   8666.922 ]
 [ 8413.141   7446.2466  1224.9746  3195.9746  3100.221   7518.4194
   8972.539   6896.215   9471.974   4701.573   9998.22    8951.622
   3035.1938  5604.796   3690.2563  9489.896   9450.713   8666.922
   8351.926 ]]

kernel all zeros: False
kernel max: 9.706642e+04
ref max: 0.000000e+00
