n_eig=17
ref_cupy sum: 0.000000e+00
kernel  sum: 9.632606e+07
ref[0]:
[[0. 0. 0. 0. 0. 0. 0. 0. 0. 0. 0. 0. 0. 0. 0. 0. 0.]
 [0. 0. 0. 0. 0. 0. 0. 0. 0. 0. 0. 0. 0. 0. 0. 0. 0.]
 [0. 0. 0. 0. 0. 0. 0. 0. 0. 0. 0. 0. 0. 0. 0. 0. 0.]
 [0. 0. 0. 0. 0. 0. 0. 0. 0. 0. 0. 0. 0. 0. 0. 0. 0.]
 [0. 0. 0. 0. 0. 0. 0. 0. 0. 0. 0. 0. 0. 0. 0. 0. 0.]
 [0. 0. 0. 0. 0. 0. 0. 0. 0. 0. 0. 0. 0. 0. 0. 0. 0.]
 [0. 0. 0. 0. 0. 0. 0. 0. 0. 0. 0. 0. 0. 0. 0. 0. 0.]
 [0. 0. 0. 0. 0. 0. 0. 0. 0. 0. 0. 0. 0. 0. 0. 0. 0.]
 [0. 0. 0. 0. 0. 0. 0. 0. 0. 0. 0. 0. 0. 0. 0. 0. 0.]
 [0. 0. 0. 0. 0. 0. 0. 0. 0. 0. 0. 0. 0. 0. 0. 0. 0.]
 [0. 0. 0. 0. 0. 0. 0. 0. 0. 0. 0. 0. 0. 0. 0. 0. 0.]
 [0. 0. 0. 0. 0. 0. 0. 0. 0. 0. 0. 0. 0. 0. 0. 0. 0.]
 [0. 0. 0. 0. 0. 0. 0. 0. 0. 0. 0. 0. 0. 0. 0. 0. 0.]
 [0. 0. 0. 0. 0. 0. 0. 0. 0. 0. 0. 0. 0. 0. 0. 0. 0.]
 [0. 0. 0. 0. 0. 0. 0. 0. 0. 0. 0. 0. 0. 0. 0. 0. 0.]
 [0. 0. 0. 0. 0. 0. 0. 0. 0. 0. 0. 0. 0. 0. 0. 0. 0.]
 [0. 0. 0. 0. 0. 0. 0. 0. 0. 0. 0. 0. 0. 0. 0. 0. 0.]]

gpu[0]:
[[ 2269.8618   2445.8115   2485.8718   3310.4934   1525.9275   1763.8792
   1567.5273   2151.3816   1362.6418   1575.8058   1846.6311   1800.8796
   3521.7944   1064.4517   3013.55     2204.361    1930.0188 ]
 [ 2445.8115   6345.207    4878.9272   9041.414    3247.5996   2527.5188
   2490.808    5467.3486   2607.3708   1352.933    2654.674    2412.8386
   9051.208    1189.9604   7421.47     3152.5264   4676.748  ]
 [ 2485.8718   4878.9272   4789.8      7251.575    2778.1948   2189.838
   2173.3464   4461.089    2124.2747   1984.1517   2565.6782   2217.0747
   7650.4185   1214.032    6288.2344   3214.2913   3685.542  ]
 [ 3310.4934   9041.414    7251.575   14132.222    4540.181    3456.391
   3459.9758   7983.281    3506.6252   1568.0416   3750.401    3341.4263
  14032.108    1151.1565  11198.396    4565.9863   6904.3755 ]
 [ 1525.9275   3247.5996   2778.1948   4540.181    2258.649    1447.5024
   1394.331    3000.6885   1600.3418   1345.7488   1628.0247   1464.808
   4724.437    1105.3823   4023.4639   2043.0271   2532.5872 ]
 [ 1763.8792   2527.5188   2189.838    3456.391    1447.5024   2004.8685
   1536.4346   2130.1401   1396.4299   1043.2869   1679.6414   1595.332
   3512.0044    887.4491   2975.0615   1762.4363   2064.7368 ]
 [ 1567.5273   2490.808    2173.3464   3459.9758   1394.331    1536.4346
   1680.2855   2129.8137   1302.2472    970.0569   1565.6122   1486.9338
   3477.5393    858.99243  2936.8638   1734.2076   1973.1705 ]
 [ 2151.3816   5467.3486   4461.089    7983.281    3000.6885   2130.1401
   2129.8137   5195.3726   2311.3057   1455.3801   2319.9922   2134.594
   8147.9775   1138.2384   6729.238    2934.0007   4110.5034 ]
 [ 1362.6418   2607.3708   2124.2747   3506.6252   1600.3418   1396.4299
   1302.2472   2311.3057   1621.018     987.7131   1395.5933   1292.6818
   3556.163     961.11456  3058.44     1584.8877   2067.7107 ]
 [ 1575.8058   1352.933    1984.1517   1568.0416   1345.7488   1043.2869
    970.0569   1455.3801    987.7131   2395.6208   1515.6985   1320.7937
   2103.1687   1311.259    2019.4272   2038.9695   1025.8604 ]
 [ 1846.6311   2654.674    2565.6782   3750.401    1628.0247   1679.6414
   1565.6122   2319.9922   1395.5933   1515.6985   2134.9543   1719.7063
   3951.8618   1057.2549   3318.0273   2189.4119   2128.496  ]
 [ 1800.8796   2412.8386   2217.0747   3341.4263   1464.808    1595.332
   1486.9338   2134.594    1292.6818   1320.7937   1719.7063   1977.0818
   3479.1172    978.476    2928.2668   1968.8457   1904.5769 ]
 [ 3521.7944   9051.208    7650.4185  14032.108    4724.437    3512.0044
   3477.5393   8147.9775   3556.163    2103.1687   3951.8618   3479.1172
  14685.418    1298.8115  11558.963    4954.832    6914.9795 ]
 [ 1064.4517   1189.9604   1214.032    1151.1565   1105.3823    887.4491
    858.99243  1138.2384    961.11456  1311.259    1057.2549    978.476
   1298.8115   1372.3777   1387.2319   1237.2749    960.2168 ]
 [ 3013.55     7421.47     6288.2344  11198.396    4023.4639   2975.0615
   2936.8638   6729.238    3058.44     2019.4272   3318.0273   2928.2668
  11558.963    1387.2319   9613.903    4182.894    5659.04   ]
 [ 2204.361    3152.5264   3214.2913   4565.9863   2043.0271   1762.4363
   1734.2076   2934.0007   1584.8877   2038.9695   2189.4119   1968.8457
   4954.832    1237.2749   4182.894    3088.4219   2502.8677 ]
 [ 1930.0188   4676.748    3685.542    6904.3755   2532.5872   2064.7368
   1973.1705   4110.5034   2067.7107   1025.8604   2128.496    1904.5769
   6914.9795    960.2168   5659.04     2502.8677   3871.3975 ]]

kernel all zeros: False
kernel max: 9.131386e+04
ref max: 0.000000e+00
n_eig=18
ref_cupy sum: 0.000000e+00
kernel  sum: 1.105624e+08
ref[0]:
[[0. 0. 0. 0. 0. 0. 0. 0. 0. 0. 0. 0. 0. 0. 0. 0. 0. 0.]
 [0. 0. 0. 0. 0. 0. 0. 0. 0. 0. 0. 0. 0. 0. 0. 0. 0. 0.]
 [0. 0. 0. 0. 0. 0. 0. 0. 0. 0. 0. 0. 0. 0. 0. 0. 0. 0.]
 [0. 0. 0. 0. 0. 0. 0. 0. 0. 0. 0. 0. 0. 0. 0. 0. 0. 0.]
 [0. 0. 0. 0. 0. 0. 0. 0. 0. 0. 0. 0. 0. 0. 0. 0. 0. 0.]
 [0. 0. 0. 0. 0. 0. 0. 0. 0. 0. 0. 0. 0. 0. 0. 0. 0. 0.]
 [0. 0. 0. 0. 0. 0. 0. 0. 0. 0. 0. 0. 0. 0. 0. 0. 0. 0.]
 [0. 0. 0. 0. 0. 0. 0. 0. 0. 0. 0. 0. 0. 0. 0. 0. 0. 0.]
 [0. 0. 0. 0. 0. 0. 0. 0. 0. 0. 0. 0. 0. 0. 0. 0. 0. 0.]
 [0. 0. 0. 0. 0. 0. 0. 0. 0. 0. 0. 0. 0. 0. 0. 0. 0. 0.]
 [0. 0. 0. 0. 0. 0. 0. 0. 0. 0. 0. 0. 0. 0. 0. 0. 0. 0.]
 [0. 0. 0. 0. 0. 0. 0. 0. 0. 0. 0. 0. 0. 0. 0. 0. 0. 0.]
 [0. 0. 0. 0. 0. 0. 0. 0. 0. 0. 0. 0. 0. 0. 0. 0. 0. 0.]
 [0. 0. 0. 0. 0. 0. 0. 0. 0. 0. 0. 0. 0. 0. 0. 0. 0. 0.]
 [0. 0. 0. 0. 0. 0. 0. 0. 0. 0. 0. 0. 0. 0. 0. 0. 0. 0.]
 [0. 0. 0. 0. 0. 0. 0. 0. 0. 0. 0. 0. 0. 0. 0. 0. 0. 0.]
 [0. 0. 0. 0. 0. 0. 0. 0. 0. 0. 0. 0. 0. 0. 0. 0. 0. 0.]
 [0. 0. 0. 0. 0. 0. 0. 0. 0. 0. 0. 0. 0. 0. 0. 0. 0. 0.]]

gpu[0]:
[[ 1723.1566  1506.3113  3434.9663  1080.5536  2746.8965  1537.0192
   2076.395   2926.297   1463.3354  2486.6436  2911.1536  2433.564
    908.0423  1526.7874  1311.376   2723.8633  3107.2612  2474.915 ]
 [ 1506.3113  2605.4016  4082.2744  2217.7156  3118.4263  1939.0326
   2597.0298  3593.1235  2264.3506  3109.4053  3369.7708  2683.5127
   1179.1803  2033.4822  1603.1682  3180.3965  3518.4912  2591.9622]
 [ 3434.9663  4082.2744 14831.45    2305.7158 11212.988   4364.679
   7498.654  11823.748   4041.2666  9235.424  11732.108   9793.658
   1470.439   4569.6523  3531.1902 10585.65   12453.7705  9225.61  ]
 [ 1080.5536  2217.7156  2305.7158  2715.067   1816.2773  1543.1808
   1860.7809  2267.801   2145.7524  2079.8362  2004.1061  1497.8616
   1227.447   1719.9121  1367.1804  2015.1902  1960.6617  1468.178 ]
 [ 2746.8965  3118.4263 11212.988   1816.2773  9100.7295  3387.1807
   5909.382   9050.236   3121.5322  7101.6714  9054.4375  7700.9966
   1263.0603  3610.3606  2911.007   8318.138   9653.36    7376.1914]
 [ 1537.0192  1939.0326  4364.679   1543.1808  3387.1807  2133.0962
   2538.811   3815.7183  1888.6108  3226.25    3610.7976  2993.176
   1000.5527  1903.0645  1456.5984  3323.2307  3844.829   2821.1611]
 [ 2076.395   2597.0298  7498.654   1860.7809  5909.382   2538.811
   4388.21    6173.344   2543.8394  4978.468   6101.0405  5135.436
   1174.8032  2770.9658  2222.7144  5685.7876  6456.419   4917.435 ]
 [ 2926.297   3593.1235 11823.748   2267.801   9050.236   3815.7183
   6173.344   9984.477   3559.4048  7686.021   9535.659   7925.446
   1421.9341  3899.7263  2961.8645  8615.762  10181.733   7413.1953]
 [ 1463.3354  2264.3506  4041.2666  2145.7524  3121.5322  1888.6108
   2543.8394  3559.4048  2469.3005  3053.3926  3332.6577  2709.6016
   1171.8208  1988.3978  1599.939   3147.6833  3490.624   2544.1772]
 [ 2486.6436  3109.4053  9235.424   2079.8362  7101.6714  3226.25
   4978.468   7686.021   3053.3926  6499.4126  7472.1294  6279.638
   1339.9752  3321.524   2536.9272  6824.6025  7980.1357  5775.845 ]
 [ 2911.1536  3369.7708 11732.108   2004.1061  9054.4375  3610.7976
   6101.0405  9535.659   3332.6577  7472.1294  9678.286   7930.029
   1311.7515  3771.5962  2988.0164  8634.967  10076.043   7513.81  ]
 [ 2433.564   2683.5127  9793.658   1497.8616  7700.9966  2993.176
   5135.436   7925.446   2709.6016  6279.638   7930.029   6955.313
   1158.2771  3208.3135  2531.8547  7209.7993  8412.489   6334.3887]
 [  908.0423  1179.1803  1470.439   1227.447   1263.0603  1000.5527
   1174.8032  1421.9341  1171.8208  1339.9752  1311.7515  1158.2771
   1115.6255  1080.5304   936.9915  1277.2964  1354.2761  1151.6619]
 [ 1526.7874  2033.4822  4569.6523  1719.9121  3610.3606  1903.0645
   2770.9658  3899.7263  1988.3978  3321.524   3771.5962  3208.3135
   1080.5304  2353.7495  1639.4927  3542.0518  3930.5806  2931.019 ]
 [ 1311.376   1603.1682  3531.1902  1367.1804  2911.007   1456.5984
   2222.7144  2961.8645  1599.939   2536.9272  2988.0164  2531.8547
    936.9915  1639.4927  1636.8796  2868.7246  3119.1995  2490.7175]
 [ 2723.8633  3180.3965 10585.65    2015.1902  8318.138   3323.2307
   5685.7876  8615.762   3147.6833  6824.6025  8634.967   7209.7993
   1277.2964  3542.0518  2868.7246  8206.752   9135.229   6971.797 ]
 [ 3107.2612  3518.4912 12453.7705  1960.6617  9653.36    3844.829
   6456.419  10181.733   3490.624   7980.1357 10076.043   8412.489
   1354.2761  3930.5806  3119.1995  9135.229  11005.361   7959.586 ]
 [ 2474.915   2591.9622  9225.61    1468.178   7376.1914  2821.1611
   4917.435   7413.1953  2544.1772  5775.845   7513.81    6334.3887
   1151.6619  2931.019   2490.7175  6971.797   7959.586   6649.038 ]]

kernel all zeros: False
kernel max: 9.490891e+04
ref max: 0.000000e+00
n_eig=19
ref_cupy sum: 0.000000e+00
kernel  sum: 1.282062e+08
ref[0]:
[[0. 0. 0. 0. 0. 0. 0. 0. 0. 0. 0. 0. 0. 0. 0. 0. 0. 0. 0.]
 [0. 0. 0. 0. 0. 0. 0. 0. 0. 0. 0. 0. 0. 0. 0. 0. 0. 0. 0.]
 [0. 0. 0. 0. 0. 0. 0. 0. 0. 0. 0. 0. 0. 0. 0. 0. 0. 0. 0.]
 [0. 0. 0. 0. 0. 0. 0. 0. 0. 0. 0. 0. 0. 0. 0. 0. 0. 0. 0.]
 [0. 0. 0. 0. 0. 0. 0. 0. 0. 0. 0. 0. 0. 0. 0. 0. 0. 0. 0.]
 [0. 0. 0. 0. 0. 0. 0. 0. 0. 0. 0. 0. 0. 0. 0. 0. 0. 0. 0.]
 [0. 0. 0. 0. 0. 0. 0. 0. 0. 0. 0. 0. 0. 0. 0. 0. 0. 0. 0.]
 [0. 0. 0. 0. 0. 0. 0. 0. 0. 0. 0. 0. 0. 0. 0. 0. 0. 0. 0.]
 [0. 0. 0. 0. 0. 0. 0. 0. 0. 0. 0. 0. 0. 0. 0. 0. 0. 0. 0.]
 [0. 0. 0. 0. 0. 0. 0. 0. 0. 0. 0. 0. 0. 0. 0. 0. 0. 0. 0.]
 [0. 0. 0. 0. 0. 0. 0. 0. 0. 0. 0. 0. 0. 0. 0. 0. 0. 0. 0.]
 [0. 0. 0. 0. 0. 0. 0. 0. 0. 0. 0. 0. 0. 0. 0. 0. 0. 0. 0.]
 [0. 0. 0. 0. 0. 0. 0. 0. 0. 0. 0. 0. 0. 0. 0. 0. 0. 0. 0.]
 [0. 0. 0. 0. 0. 0. 0. 0. 0. 0. 0. 0. 0. 0. 0. 0. 0. 0. 0.]
 [0. 0. 0. 0. 0. 0. 0. 0. 0. 0. 0. 0. 0. 0. 0. 0. 0. 0. 0.]
 [0. 0. 0. 0. 0. 0. 0. 0. 0. 0. 0. 0. 0. 0. 0. 0. 0. 0. 0.]
 [0. 0. 0. 0. 0. 0. 0. 0. 0. 0. 0. 0. 0. 0. 0. 0. 0. 0. 0.]
 [0. 0. 0. 0. 0. 0. 0. 0. 0. 0. 0. 0. 0. 0. 0. 0. 0. 0. 0.]
 [0. 0. 0. 0. 0. 0. 0. 0. 0. 0. 0. 0. 0. 0. 0. 0. 0. 0. 0.]]

gpu[0]:
[[ 9841.08    8751.983   1768.6293  3543.6133  3905.6714  8061.91
  10326.99    7486.6924 10073.589   5676.2227 10786.995  10027.885
   3318.6526  6702.914   4371.932  10223.874  10503.229   9328.295
   8413.141 ]
 [ 8751.983   8442.746   1972.709   3366.3098  4038.5522  7120.4897
   9464.968   6665.6147  8985.306   5532.3525  9419.654   9259.0205
   3116.4001  6439.8325  4290.328   9115.999   9569.724   8204.609
   7446.2466]
 [ 1768.6293  1972.709   1786.2717  1262.1826  1852.3708  1205.3539
   1910.5613  1364.3823  1372.5212  1863.7473  1357.2816  1852.4084
   1118.3967  1818.5835  1698.4929  1426.2842  1766.7385  1401.0079
   1224.9746]
 [ 3543.6133  3366.3098  1262.1826  1987.5238  2023.7646  3010.102
   3792.0745  2906.1506  3672.3975  2515.321   3807.3813  3763.4795
   1615.9698  2738.4224  2108.154   3699.1682  3888.2566  3400.5188
   3195.9746]
 [ 3905.6714  4038.5522  1852.3708  2023.7646  3289.3413  2801.629
   4287.3745  2840.995   3624.2566  3262.7517  3414.97    4227.5903
   1796.8035  3450.1606  2696.128   3582.4424  4170.026   3335.652
   3100.221 ]
 [ 8061.91    7120.4897  1205.3539  3010.102   2801.629   7508.548
   8527.575   6539.192   8878.423   4441.1113  9635.537   8389.388
   2806.8362  5341.353   3464.8752  9030.3     8922.101   8192.205
   7518.4194]
 [10326.99    9464.968   1910.5613  3792.0745  4287.3745  8527.575
  11401.485   8029.5684 10781.871   6127.432  11504.198  10849.942
   3540.981   7233.195   4672.535  10894.238  11247.719   9975.289
   8972.539 ]
 [ 7486.6924  6665.6147  1364.3823  2906.1506  2840.995   6539.192
   8029.5684  6372.2188  8109.701   4262.738   8789.436   7857.8125
   2709.9038  5069.0996  3350.2332  8240.354   8270.091   7594.918
   6896.215 ]
 [10073.589   8985.306   1372.5212  3672.3975  3624.2566  8878.423
  10781.871   8109.701  11405.171   5600.6504 11862.353  10677.797
   3436.7874  6773.081   4317.436  11281.638  11254.694  10222.941
   9471.974 ]
 [ 5676.2227  5532.3525  1863.7473  2515.321   3262.7517  4441.1113
   6127.432   4262.738   5600.6504  4291.455   5703.9346  6016.667
   2259.9146  4515.407   3228.6406  5670.658   6129.374   5191.898
   4701.573 ]
 [10786.995   9419.654   1357.2816  3807.3813  3414.97    9635.537
  11504.198   8789.436  11862.353   5703.9346 13236.04   11259.97
   3622.6118  6961.7593  4404.0454 12088.83   11989.22   11045.124
   9998.22  ]
 [10027.885   9259.0205  1852.4084  3763.4795  4227.5903  8389.388
  10849.942   7857.8125 10677.797   6016.667  11259.97   10959.11
   3480.5176  7099.324   4676.579  10846.495  11173.251   9828.857
   8951.622 ]
 [ 3318.6526  3116.4001  1118.3967  1615.9698  1796.8035  2806.8362
   3540.981   2709.9038  3436.7874  2259.9146  3622.6118  3480.5176
   1783.4358  2489.1025  1887.1967  3476.6482  3631.4014  3225.2217
   3035.1938]
 [ 6702.914   6439.8325  1818.5835  2738.4224  3450.1606  5341.353
   7233.195   5069.0996  6773.081   4515.407   6961.7593  7099.324
   2489.1025  5353.988   3514.3916  6836.548   7295.448   6218.329
   5604.796 ]
 [ 4371.932   4290.328   1698.4929  2108.154   2696.128   3464.8752
   4672.535   3350.2332  4317.436   3228.6406  4404.0454  4676.579
   1887.1967  3514.3916  2943.3037  4386.1787  4738.417   4002.853
   3690.2563]
 [10223.874   9115.999   1426.2842  3699.1682  3582.4424  9030.3
  10894.238   8240.354  11281.638   5670.658  12088.83   10846.495
   3476.6482  6836.548   4386.1787 11714.513  11452.748  10361.195
   9489.896 ]
 [10503.229   9569.724   1766.7385  3888.2566  4170.026   8922.101
  11247.719   8270.091  11254.694   6129.374  11989.22   11173.251
   3631.4014  7295.448   4738.417  11452.748  11961.67   10398.465
   9450.713 ]
 [ 9328.295   8204.609   1401.0079  3400.5188  3335.652   8192.205
   9975.289   7594.918  10222.941   5191.898  11045.124   9828.857
   3225.2217  6218.329   4002.853  10361.195  10398.465   9809.088
   8666.922 ]
 [ 8413.141   7446.2466  1224.9746  3195.9746  3100.221   7518.4194
   8972.539   6896.215   9471.974   4701.573   9998.22    8951.622
   3035.1938  5604.796   3690.2563  9489.896   9450.713   8666.922
   8351.926 ]]

kernel all zeros: False
kernel max: 9.706642e+04
ref max: 0.000000e+00
n_eig=20
ref_cupy sum: 0.000000e+00
kernel  sum: 1.441171e+08
ref[0]:
[[0. 0. 0. 0. 0. 0. 0. 0. 0. 0. 0. 0. 0. 0. 0. 0. 0. 0. 0. 0.]
 [0. 0. 0. 0. 0. 0. 0. 0. 0. 0. 0. 0. 0. 0. 0. 0. 0. 0. 0. 0.]
 [0. 0. 0. 0. 0. 0. 0. 0. 0. 0. 0. 0. 0. 0. 0. 0. 0. 0. 0. 0.]
 [0. 0. 0. 0. 0. 0. 0. 0. 0. 0. 0. 0. 0. 0. 0. 0. 0. 0. 0. 0.]
 [0. 0. 0. 0. 0. 0. 0. 0. 0. 0. 0. 0. 0. 0. 0. 0. 0. 0. 0. 0.]
 [0. 0. 0. 0. 0. 0. 0. 0. 0. 0. 0. 0. 0. 0. 0. 0. 0. 0. 0. 0.]
 [0. 0. 0. 0. 0. 0. 0. 0. 0. 0. 0. 0. 0. 0. 0. 0. 0. 0. 0. 0.]
 [0. 0. 0. 0. 0. 0. 0. 0. 0. 0. 0. 0. 0. 0. 0. 0. 0. 0. 0. 0.]
 [0. 0. 0. 0. 0. 0. 0. 0. 0. 0. 0. 0. 0. 0. 0. 0. 0. 0. 0. 0.]
 [0. 0. 0. 0. 0. 0. 0. 0. 0. 0. 0. 0. 0. 0. 0. 0. 0. 0. 0. 0.]
 [0. 0. 0. 0. 0. 0. 0. 0. 0. 0. 0. 0. 0. 0. 0. 0. 0. 0. 0. 0.]
 [0. 0. 0. 0. 0. 0. 0. 0. 0. 0. 0. 0. 0. 0. 0. 0. 0. 0. 0. 0.]
 [0. 0. 0. 0. 0. 0. 0. 0. 0. 0. 0. 0. 0. 0. 0. 0. 0. 0. 0. 0.]
 [0. 0. 0. 0. 0. 0. 0. 0. 0. 0. 0. 0. 0. 0. 0. 0. 0. 0. 0. 0.]
 [0. 0. 0. 0. 0. 0. 0. 0. 0. 0. 0. 0. 0. 0. 0. 0. 0. 0. 0. 0.]
 [0. 0. 0. 0. 0. 0. 0. 0. 0. 0. 0. 0. 0. 0. 0. 0. 0. 0. 0. 0.]
 [0. 0. 0. 0. 0. 0. 0. 0. 0. 0. 0. 0. 0. 0. 0. 0. 0. 0. 0. 0.]
 [0. 0. 0. 0. 0. 0. 0. 0. 0. 0. 0. 0. 0. 0. 0. 0. 0. 0. 0. 0.]
 [0. 0. 0. 0. 0. 0. 0. 0. 0. 0. 0. 0. 0. 0. 0. 0. 0. 0. 0. 0.]
 [0. 0. 0. 0. 0. 0. 0. 0. 0. 0. 0. 0. 0. 0. 0. 0. 0. 0. 0. 0.]]

gpu[0]:
[[14117.124  11242.912   4677.994   7363.639   4639.8306 12186.5
  12224.487  11274.066  11063.625   9230.366   8734.834  10505.428
   4261.286   9705.981   8835.971   5575.693   5793.188   8622.07
   9648.172   9078.005 ]
 [11242.912  10125.449   3437.7986  6319.958   3654.27   10235.33
  10066.743   9907.065   8971.483   7855.0327  7121.226   8779.55
   3241.6943  8413.789   6933.8247  4530.322   4704.6494  7416.3657
   7905.309   7741.071 ]
 [ 4677.994   3437.7986  2957.8215  2913.9873  2194.1875  3661.3223
   3823.5325  3534.8145  4252.8447  2941.8276  3673.3076  3357.1028
   2330.9985  3152.6228  3415.58    2536.6768  2620.585   2929.5151
   3407.4663  2823.6577]
 [ 7363.639   6319.958   2913.9873  4804.8335  2710.4348  6461.783
   6390.3193  6392.8633  6218.4653  5011.9683  5146.9873  5618.327
   2640.3303  5483.5796  4735.6807  3446.8252  3399.9478  4872.255
   5226.9536  4879.5654]
 [ 4639.8306  3654.27    2194.1875  2710.4348  2347.457   4045.1562
   4032.9282  3719.7446  3959.2368  3248.0867  3296.1921  3594.3848
   1982.2961  3295.126   3243.5576  2328.2979  2435.1765  3046.2695
   3495.928   3162.3516]
 [12186.5    10235.33    3661.3223  6461.783   4045.1562 11533.664
  10857.349  10407.541   9455.456   8659.969   7452.8447  9576.542
   3542.6309  8916.952   7582.1675  4833.065   5027.8125  7875.0596
   8612.171   8402.41  ]
 [12224.487  10066.743   3823.5325  6390.3193  4032.9282 10857.349
  11131.604  10018.481   9595.567   8288.232   7458.925   9381.249
   3549.7637  8588.899   7709.0083  4745.039   4960.384   7644.842
   8587.144   8205.827 ]
 [11274.066   9907.065   3534.8145  6392.8633  3719.7446 10407.541
  10018.481  10272.586   9026.804   7915.9585  7211.532   8794.628
   3349.1611  8535.733   6947.895   4640.876   4800.128   7559.4385
   7960.965   7759.2393]
 [11063.625   8971.483   4252.8447  6218.4653  3959.2368  9455.456
   9595.567   9026.804   9394.507   7192.5273  7425.4683  8232.66
   3773.2422  7769.1987  7160.8525  4841.2676  4897.189   6981.9585
   7791.2344  7119.9683]
 [ 9230.366   7855.0327  2941.8276  5011.9683  3248.0867  8659.969
   8288.232   7915.9585  7192.5273  6981.956   5650.3403  7396.6357
   2822.1882  6822.7544  5835.28    3779.038   3952.3503  6063.366
   6629.6177  6558.159 ]
 [ 8734.834   7121.226   3673.3076  5146.9873  3296.1921  7452.8447
   7458.925   7211.532   7425.4683  5650.3403  6406.882   6547.7563
   3240.4922  6282.4004  5722.9785  4100.096   4131.245   5627.594
   6147.8916  5570.92  ]
 [10505.428   8779.55    3357.1028  5618.327   3594.3848  9576.542
   9381.249   8794.628   8232.66    7396.6357  6547.7563  8479.479
   3193.9282  7586.568   6686.3325  4232.7686  4438.519   6752.262
   7448.0215  7240.8096]
 [ 4261.286   3241.6943  2330.9985  2640.3303  1982.2961  3542.6309
   3549.7637  3349.1611  3773.2422  2822.1882  3240.4922  3193.9282
   2271.2969  2994.4724  3072.971   2297.485   2358.235   2783.9087
   3121.2893  2732.766 ]
 [ 9705.981   8413.789   3152.6228  5483.5796  3295.126   8916.952
   8588.899   8535.733   7769.1987  6822.7544  6282.4004  7586.568
   2994.4724  7574.6475  6049.15    4121.4697  4190.714   6503.8896
   6840.9375  6649.8545]
 [ 8835.971   6933.8247  3415.58    4735.6807  3243.5576  7582.1675
   7709.0083  6947.895   7160.8525  5835.28    5722.9785  6686.3325
   3072.971   6049.15    6056.6304  3748.4639  3912.662   5436.7227
   6243.0723  5749.404 ]
 [ 5575.693   4530.322   2536.6768  3446.8252  2328.2979  4833.065
   4745.039   4640.876   4841.2676  3779.038   4100.096   4232.7686
   2297.485   4121.4697  3748.4639  3136.9976  2789.019   3703.9404
   4037.7622  3658.9463]
 [ 5793.188   4704.6494  2620.585   3399.9478  2435.1765  5027.8125
   4960.384   4800.128   4897.189   3952.3503  4131.245   4438.519
   2358.235   4190.714   3912.662   2789.019   3145.3147  3815.0867
   4218.9014  3851.8967]
 [ 8622.07    7416.3657  2929.5151  4872.255   3046.2695  7875.0596
   7644.842   7559.4385  6981.9585  6063.366   5627.594   6752.262
   2783.9087  6503.8896  5436.7227  3703.9404  3815.0867  6007.6865
   6144.65    5969.043 ]
 [ 9648.172   7905.309   3407.4663  5226.9536  3495.928   8612.171
   8587.144   7960.965   7791.2344  6629.6177  6147.8916  7448.0215
   3121.2893  6840.9375  6243.0723  4037.7622  4218.9014  6144.65
   7206.712   6583.553 ]
 [ 9078.005   7741.071   2823.6577  4879.5654  3162.3516  8402.41
   8205.827   7759.2393  7119.9683  6558.159   5570.92    7240.8096
   2732.766   6649.8545  5749.404   3658.9463  3851.8967  5969.043
   6583.553   6699.5317]]

kernel all zeros: False
kernel max: 9.908059e+04
ref max: 0.000000e+00
