n_eig=17
ref_cupy sum: 0.000000e+00
kernel  sum: 9.632606e+07
ref[0]:
[[0. 0. 0. 0. 0. 0. 0. 0. 0. 0. 0. 0. 0. 0. 0. 0. 0.]
 [0. 0. 0. 0. 0. 0. 0. 0. 0. 0. 0. 0. 0. 0. 0. 0. 0.]
 [0. 0. 0. 0. 0. 0. 0. 0. 0. 0. 0. 0. 0. 0. 0. 0. 0.]
 [0. 0. 0. 0. 0. 0. 0. 0. 0. 0. 0. 0. 0. 0. 0. 0. 0.]
 [0. 0. 0. 0. 0. 0. 0. 0. 0. 0. 0. 0. 0. 0. 0. 0. 0.]
 [0. 0. 0. 0. 0. 0. 0. 0. 0. 0. 0. 0. 0. 0. 0. 0. 0.]
 [0. 0. 0. 0. 0. 0. 0. 0. 0. 0. 0. 0. 0. 0. 0. 0. 0.]
 [0. 0. 0. 0. 0. 0. 0. 0. 0. 0. 0. 0. 0. 0. 0. 0. 0.]
 [0. 0. 0. 0. 0. 0. 0. 0. 0. 0. 0. 0. 0. 0. 0. 0. 0.]
 [0. 0. 0. 0. 0. 0. 0. 0. 0. 0. 0. 0. 0. 0. 0. 0. 0.]
 [0. 0. 0. 0. 0. 0. 0. 0. 0. 0. 0. 0. 0. 0. 0. 0. 0.]
 [0. 0. 0. 0. 0. 0. 0. 0. 0. 0. 0. 0. 0. 0. 0. 0. 0.]
 [0. 0. 0. 0. 0. 0. 0. 0. 0. 0. 0. 0. 0. 0. 0. 0. 0.]
 [0. 0. 0. 0. 0. 0. 0. 0. 0. 0. 0. 0. 0. 0. 0. 0. 0.]
 [0. 0. 0. 0. 0. 0. 0. 0. 0. 0. 0. 0. 0. 0. 0. 0. 0.]
 [0. 0. 0. 0. 0. 0. 0. 0. 0. 0. 0. 0. 0. 0. 0. 0. 0.]
 [0. 0. 0. 0. 0. 0. 0. 0. 0. 0. 0. 0. 0. 0. 0. 0. 0.]]

gpu[0]:
[[ 2269.8618   2445.8115   2485.8718   3310.4934   1525.9275   1763.8792
   1567.5273   2151.3816   1362.6418   1575.8058   1846.6311   1800.8796
   3521.7944   1064.4517   3013.55     2204.361    1930.0188 ]
 [ 2445.8115   6345.207    4878.9272   9041.414    3247.5996   2527.5188
   2490.808    5467.3486   2607.3708   1352.933    2654.674    2412.8386
   9051.208    1189.9604   7421.47     3152.5264   4676.748  ]
 [ 2485.8718   4878.9272   4789.8      7251.575    2778.1948   2189.838
   2173.3464   4461.089    2124.2747   1984.1517   2565.6782   2217.0747
   7650.4185   1214.032    6288.2344   3214.2913   3685.542  ]
 [ 3310.4934   9041.414    7251.575   14132.222    4540.181    3456.391
   3459.9758   7983.281    3506.6252   1568.0416   3750.401    3341.4263
  14032.108    1151.1565  11198.396    4565.9863   6904.3755 ]
 [ 1525.9275   3247.5996   2778.1948   4540.181    2258.649    1447.5024
   1394.331    3000.6885   1600.3418   1345.7488   1628.0247   1464.808
   4724.437    1105.3823   4023.4639   2043.0271   2532.5872 ]
 [ 1763.8792   2527.5188   2189.838    3456.391    1447.5024   2004.8685
   1536.4346   2130.1401   1396.4299   1043.2869   1679.6414   1595.332
   3512.0044    887.4491   2975.0615   1762.4363   2064.7368 ]
 [ 1567.5273   2490.808    2173.3464   3459.9758   1394.331    1536.4346
   1680.2855   2129.8137   1302.2472    970.0569   1565.6122   1486.9338
   3477.5393    858.99243  2936.8638   1734.2076   1973.1705 ]
 [ 2151.3816   5467.3486   4461.089    7983.281    3000.6885   2130.1401
   2129.8137   5195.3726   2311.3057   1455.3801   2319.9922   2134.594
   8147.9775   1138.2384   6729.238    2934.0007   4110.5034 ]
 [ 1362.6418   2607.3708   2124.2747   3506.6252   1600.3418   1396.4299
   1302.2472   2311.3057   1621.018     987.7131   1395.5933   1292.6818
   3556.163     961.11456  3058.44     1584.8877   2067.7107 ]
 [ 1575.8058   1352.933    1984.1517   1568.0416   1345.7488   1043.2869
    970.0569   1455.3801    987.7131   2395.6208   1515.6985   1320.7937
   2103.1687   1311.259    2019.4272   2038.9695   1025.8604 ]
 [ 1846.6311   2654.674    2565.6782   3750.401    1628.0247   1679.6414
   1565.6122   2319.9922   1395.5933   1515.6985   2134.9543   1719.7063
   3951.8618   1057.2549   3318.0273   2189.4119   2128.496  ]
 [ 1800.8796   2412.8386   2217.0747   3341.4263   1464.808    1595.332
   1486.9338   2134.594    1292.6818   1320.7937   1719.7063   1977.0818
   3479.1172    978.476    2928.2668   1968.8457   1904.5769 ]
 [ 3521.7944   9051.208    7650.4185  14032.108    4724.437    3512.0044
   3477.5393   8147.9775   3556.163    2103.1687   3951.8618   3479.1172
  14685.418    1298.8115  11558.963    4954.832    6914.9795 ]
 [ 1064.4517   1189.9604   1214.032    1151.1565   1105.3823    887.4491
    858.99243  1138.2384    961.11456  1311.259    1057.2549    978.476
   1298.8115   1372.3777   1387.2319   1237.2749    960.2168 ]
 [ 3013.55     7421.47     6288.2344  11198.396    4023.4639   2975.0615
   2936.8638   6729.238    3058.44     2019.4272   3318.0273   2928.2668
  11558.963    1387.2319   9613.903    4182.894    5659.04   ]
 [ 2204.361    3152.5264   3214.2913   4565.9863   2043.0271   1762.4363
   1734.2076   2934.0007   1584.8877   2038.9695   2189.4119   1968.8457
   4954.832    1237.2749   4182.894    3088.4219   2502.8677 ]
 [ 1930.0188   4676.748    3685.542    6904.3755   2532.5872   2064.7368
   1973.1705   4110.5034   2067.7107   1025.8604   2128.496    1904.5769
   6914.9795    960.2168   5659.04     2502.8677   3871.3975 ]]

kernel all zeros: False
kernel max: 9.131386e+04
ref max: 0.000000e+00
n_eig=17
ref_cupy sum: 0.000000e+00
kernel  sum: 9.632606e+07
ref[0]:
[[0. 0. 0. 0. 0. 0. 0. 0. 0. 0. 0. 0. 0. 0. 0. 0. 0.]
 [0. 0. 0. 0. 0. 0. 0. 0. 0. 0. 0. 0. 0. 0. 0. 0. 0.]
 [0. 0. 0. 0. 0. 0. 0. 0. 0. 0. 0. 0. 0. 0. 0. 0. 0.]
 [0. 0. 0. 0. 0. 0. 0. 0. 0. 0. 0. 0. 0. 0. 0. 0. 0.]
 [0. 0. 0. 0. 0. 0. 0. 0. 0. 0. 0. 0. 0. 0. 0. 0. 0.]
 [0. 0. 0. 0. 0. 0. 0. 0. 0. 0. 0. 0. 0. 0. 0. 0. 0.]
 [0. 0. 0. 0. 0. 0. 0. 0. 0. 0. 0. 0. 0. 0. 0. 0. 0.]
 [0. 0. 0. 0. 0. 0. 0. 0. 0. 0. 0. 0. 0. 0. 0. 0. 0.]
 [0. 0. 0. 0. 0. 0. 0. 0. 0. 0. 0. 0. 0. 0. 0. 0. 0.]
 [0. 0. 0. 0. 0. 0. 0. 0. 0. 0. 0. 0. 0. 0. 0. 0. 0.]
 [0. 0. 0. 0. 0. 0. 0. 0. 0. 0. 0. 0. 0. 0. 0. 0. 0.]
 [0. 0. 0. 0. 0. 0. 0. 0. 0. 0. 0. 0. 0. 0. 0. 0. 0.]
 [0. 0. 0. 0. 0. 0. 0. 0. 0. 0. 0. 0. 0. 0. 0. 0. 0.]
 [0. 0. 0. 0. 0. 0. 0. 0. 0. 0. 0. 0. 0. 0. 0. 0. 0.]
 [0. 0. 0. 0. 0. 0. 0. 0. 0. 0. 0. 0. 0. 0. 0. 0. 0.]
 [0. 0. 0. 0. 0. 0. 0. 0. 0. 0. 0. 0. 0. 0. 0. 0. 0.]
 [0. 0. 0. 0. 0. 0. 0. 0. 0. 0. 0. 0. 0. 0. 0. 0. 0.]]

gpu[0]:
[[ 2269.8618   2445.8115   2485.8718   3310.4934   1525.9275   1763.8792
   1567.5273   2151.3816   1362.6418   1575.8058   1846.6311   1800.8796
   3521.7944   1064.4517   3013.55     2204.361    1930.0188 ]
 [ 2445.8115   6345.207    4878.9272   9041.414    3247.5996   2527.5188
   2490.808    5467.3486   2607.3708   1352.933    2654.674    2412.8386
   9051.208    1189.9604   7421.47     3152.5264   4676.748  ]
 [ 2485.8718   4878.9272   4789.8      7251.575    2778.1948   2189.838
   2173.3464   4461.089    2124.2747   1984.1517   2565.6782   2217.0747
   7650.4185   1214.032    6288.2344   3214.2913   3685.542  ]
 [ 3310.4934   9041.414    7251.575   14132.222    4540.181    3456.391
   3459.9758   7983.281    3506.6252   1568.0416   3750.401    3341.4263
  14032.108    1151.1565  11198.396    4565.9863   6904.3755 ]
 [ 1525.9275   3247.5996   2778.1948   4540.181    2258.649    1447.5024
   1394.331    3000.6885   1600.3418   1345.7488   1628.0247   1464.808
   4724.437    1105.3823   4023.4639   2043.0271   2532.5872 ]
 [ 1763.8792   2527.5188   2189.838    3456.391    1447.5024   2004.8685
   1536.4346   2130.1401   1396.4299   1043.2869   1679.6414   1595.332
   3512.0044    887.4491   2975.0615   1762.4363   2064.7368 ]
 [ 1567.5273   2490.808    2173.3464   3459.9758   1394.331    1536.4346
   1680.2855   2129.8137   1302.2472    970.0569   1565.6122   1486.9338
   3477.5393    858.99243  2936.8638   1734.2076   1973.1705 ]
 [ 2151.3816   5467.3486   4461.089    7983.281    3000.6885   2130.1401
   2129.8137   5195.3726   2311.3057   1455.3801   2319.9922   2134.594
   8147.9775   1138.2384   6729.238    2934.0007   4110.5034 ]
 [ 1362.6418   2607.3708   2124.2747   3506.6252   1600.3418   1396.4299
   1302.2472   2311.3057   1621.018     987.7131   1395.5933   1292.6818
   3556.163     961.11456  3058.44     1584.8877   2067.7107 ]
 [ 1575.8058   1352.933    1984.1517   1568.0416   1345.7488   1043.2869
    970.0569   1455.3801    987.7131   2395.6208   1515.6985   1320.7937
   2103.1687   1311.259    2019.4272   2038.9695   1025.8604 ]
 [ 1846.6311   2654.674    2565.6782   3750.401    1628.0247   1679.6414
   1565.6122   2319.9922   1395.5933   1515.6985   2134.9543   1719.7063
   3951.8618   1057.2549   3318.0273   2189.4119   2128.496  ]
 [ 1800.8796   2412.8386   2217.0747   3341.4263   1464.808    1595.332
   1486.9338   2134.594    1292.6818   1320.7937   1719.7063   1977.0818
   3479.1172    978.476    2928.2668   1968.8457   1904.5769 ]
 [ 3521.7944   9051.208    7650.4185  14032.108    4724.437    3512.0044
   3477.5393   8147.9775   3556.163    2103.1687   3951.8618   3479.1172
  14685.418    1298.8115  11558.963    4954.832    6914.9795 ]
 [ 1064.4517   1189.9604   1214.032    1151.1565   1105.3823    887.4491
    858.99243  1138.2384    961.11456  1311.259    1057.2549    978.476
   1298.8115   1372.3777   1387.2319   1237.2749    960.2168 ]
 [ 3013.55     7421.47     6288.2344  11198.396    4023.4639   2975.0615
   2936.8638   6729.238    3058.44     2019.4272   3318.0273   2928.2668
  11558.963    1387.2319   9613.903    4182.894    5659.04   ]
 [ 2204.361    3152.5264   3214.2913   4565.9863   2043.0271   1762.4363
   1734.2076   2934.0007   1584.8877   2038.9695   2189.4119   1968.8457
   4954.832    1237.2749   4182.894    3088.4219   2502.8677 ]
 [ 1930.0188   4676.748    3685.542    6904.3755   2532.5872   2064.7368
   1973.1705   4110.5034   2067.7107   1025.8604   2128.496    1904.5769
   6914.9795    960.2168   5659.04     2502.8677   3871.3975 ]]

kernel all zeros: False
kernel max: 9.131386e+04
ref max: 0.000000e+00
