n_eig=20
ref_cupy sum: 0.000000e+00
kernel  sum: 1.441171e+08
ref[0]:
[[0. 0. 0. 0. 0. 0. 0. 0. 0. 0. 0. 0. 0. 0. 0. 0. 0. 0. 0. 0.]
 [0. 0. 0. 0. 0. 0. 0. 0. 0. 0. 0. 0. 0. 0. 0. 0. 0. 0. 0. 0.]
 [0. 0. 0. 0. 0. 0. 0. 0. 0. 0. 0. 0. 0. 0. 0. 0. 0. 0. 0. 0.]
 [0. 0. 0. 0. 0. 0. 0. 0. 0. 0. 0. 0. 0. 0. 0. 0. 0. 0. 0. 0.]
 [0. 0. 0. 0. 0. 0. 0. 0. 0. 0. 0. 0. 0. 0. 0. 0. 0. 0. 0. 0.]
 [0. 0. 0. 0. 0. 0. 0. 0. 0. 0. 0. 0. 0. 0. 0. 0. 0. 0. 0. 0.]
 [0. 0. 0. 0. 0. 0. 0. 0. 0. 0. 0. 0. 0. 0. 0. 0. 0. 0. 0. 0.]
 [0. 0. 0. 0. 0. 0. 0. 0. 0. 0. 0. 0. 0. 0. 0. 0. 0. 0. 0. 0.]
 [0. 0. 0. 0. 0. 0. 0. 0. 0. 0. 0. 0. 0. 0. 0. 0. 0. 0. 0. 0.]
 [0. 0. 0. 0. 0. 0. 0. 0. 0. 0. 0. 0. 0. 0. 0. 0. 0. 0. 0. 0.]
 [0. 0. 0. 0. 0. 0. 0. 0. 0. 0. 0. 0. 0. 0. 0. 0. 0. 0. 0. 0.]
 [0. 0. 0. 0. 0. 0. 0. 0. 0. 0. 0. 0. 0. 0. 0. 0. 0. 0. 0. 0.]
 [0. 0. 0. 0. 0. 0. 0. 0. 0. 0. 0. 0. 0. 0. 0. 0. 0. 0. 0. 0.]
 [0. 0. 0. 0. 0. 0. 0. 0. 0. 0. 0. 0. 0. 0. 0. 0. 0. 0. 0. 0.]
 [0. 0. 0. 0. 0. 0. 0. 0. 0. 0. 0. 0. 0. 0. 0. 0. 0. 0. 0. 0.]
 [0. 0. 0. 0. 0. 0. 0. 0. 0. 0. 0. 0. 0. 0. 0. 0. 0. 0. 0. 0.]
 [0. 0. 0. 0. 0. 0. 0. 0. 0. 0. 0. 0. 0. 0. 0. 0. 0. 0. 0. 0.]
 [0. 0. 0. 0. 0. 0. 0. 0. 0. 0. 0. 0. 0. 0. 0. 0. 0. 0. 0. 0.]
 [0. 0. 0. 0. 0. 0. 0. 0. 0. 0. 0. 0. 0. 0. 0. 0. 0. 0. 0. 0.]
 [0. 0. 0. 0. 0. 0. 0. 0. 0. 0. 0. 0. 0. 0. 0. 0. 0. 0. 0. 0.]]

gpu[0]:
[[14117.124  11242.912   4677.994   7363.639   4639.8306 12186.5
  12224.487  11274.066  11063.625   9230.366   8734.834  10505.428
   4261.286   9705.981   8835.971   5575.693   5793.188   8622.07
   9648.172   9078.005 ]
 [11242.912  10125.449   3437.7986  6319.958   3654.27   10235.33
  10066.743   9907.065   8971.483   7855.0327  7121.226   8779.55
   3241.6943  8413.789   6933.8247  4530.322   4704.6494  7416.3657
   7905.309   7741.071 ]
 [ 4677.994   3437.7986  2957.8215  2913.9873  2194.1875  3661.3223
   3823.5325  3534.8145  4252.8447  2941.8276  3673.3076  3357.1028
   2330.9985  3152.6228  3415.58    2536.6768  2620.585   2929.5151
   3407.4663  2823.6577]
 [ 7363.639   6319.958   2913.9873  4804.8335  2710.4348  6461.783
   6390.3193  6392.8633  6218.4653  5011.9683  5146.9873  5618.327
   2640.3303  5483.5796  4735.6807  3446.8252  3399.9478  4872.255
   5226.9536  4879.5654]
 [ 4639.8306  3654.27    2194.1875  2710.4348  2347.457   4045.1562
   4032.9282  3719.7446  3959.2368  3248.0867  3296.1921  3594.3848
   1982.2961  3295.126   3243.5576  2328.2979  2435.1765  3046.2695
   3495.928   3162.3516]
 [12186.5    10235.33    3661.3223  6461.783   4045.1562 11533.664
  10857.349  10407.541   9455.456   8659.969   7452.8447  9576.542
   3542.6309  8916.952   7582.1675  4833.065   5027.8125  7875.0596
   8612.171   8402.41  ]
 [12224.487  10066.743   3823.5325  6390.3193  4032.9282 10857.349
  11131.604  10018.481   9595.567   8288.232   7458.925   9381.249
   3549.7637  8588.899   7709.0083  4745.039   4960.384   7644.842
   8587.144   8205.827 ]
 [11274.066   9907.065   3534.8145  6392.8633  3719.7446 10407.541
  10018.481  10272.586   9026.804   7915.9585  7211.532   8794.628
   3349.1611  8535.733   6947.895   4640.876   4800.128   7559.4385
   7960.965   7759.2393]
 [11063.625   8971.483   4252.8447  6218.4653  3959.2368  9455.456
   9595.567   9026.804   9394.507   7192.5273  7425.4683  8232.66
   3773.2422  7769.1987  7160.8525  4841.2676  4897.189   6981.9585
   7791.2344  7119.9683]
 [ 9230.366   7855.0327  2941.8276  5011.9683  3248.0867  8659.969
   8288.232   7915.9585  7192.5273  6981.956   5650.3403  7396.6357
   2822.1882  6822.7544  5835.28    3779.038   3952.3503  6063.366
   6629.6177  6558.159 ]
 [ 8734.834   7121.226   3673.3076  5146.9873  3296.1921  7452.8447
   7458.925   7211.532   7425.4683  5650.3403  6406.882   6547.7563
   3240.4922  6282.4004  5722.9785  4100.096   4131.245   5627.594
   6147.8916  5570.92  ]
 [10505.428   8779.55    3357.1028  5618.327   3594.3848  9576.542
   9381.249   8794.628   8232.66    7396.6357  6547.7563  8479.479
   3193.9282  7586.568   6686.3325  4232.7686  4438.519   6752.262
   7448.0215  7240.8096]
 [ 4261.286   3241.6943  2330.9985  2640.3303  1982.2961  3542.6309
   3549.7637  3349.1611  3773.2422  2822.1882  3240.4922  3193.9282
   2271.2969  2994.4724  3072.971   2297.485   2358.235   2783.9087
   3121.2893  2732.766 ]
 [ 9705.981   8413.789   3152.6228  5483.5796  3295.126   8916.952
   8588.899   8535.733   7769.1987  6822.7544  6282.4004  7586.568
   2994.4724  7574.6475  6049.15    4121.4697  4190.714   6503.8896
   6840.9375  6649.8545]
 [ 8835.971   6933.8247  3415.58    4735.6807  3243.5576  7582.1675
   7709.0083  6947.895   7160.8525  5835.28    5722.9785  6686.3325
   3072.971   6049.15    6056.6304  3748.4639  3912.662   5436.7227
   6243.0723  5749.404 ]
 [ 5575.693   4530.322   2536.6768  3446.8252  2328.2979  4833.065
   4745.039   4640.876   4841.2676  3779.038   4100.096   4232.7686
   2297.485   4121.4697  3748.4639  3136.9976  2789.019   3703.9404
   4037.7622  3658.9463]
 [ 5793.188   4704.6494  2620.585   3399.9478  2435.1765  5027.8125
   4960.384   4800.128   4897.189   3952.3503  4131.245   4438.519
   2358.235   4190.714   3912.662   2789.019   3145.3147  3815.0867
   4218.9014  3851.8967]
 [ 8622.07    7416.3657  2929.5151  4872.255   3046.2695  7875.0596
   7644.842   7559.4385  6981.9585  6063.366   5627.594   6752.262
   2783.9087  6503.8896  5436.7227  3703.9404  3815.0867  6007.6865
   6144.65    5969.043 ]
 [ 9648.172   7905.309   3407.4663  5226.9536  3495.928   8612.171
   8587.144   7960.965   7791.2344  6629.6177  6147.8916  7448.0215
   3121.2893  6840.9375  6243.0723  4037.7622  4218.9014  6144.65
   7206.712   6583.553 ]
 [ 9078.005   7741.071   2823.6577  4879.5654  3162.3516  8402.41
   8205.827   7759.2393  7119.9683  6558.159   5570.92    7240.8096
   2732.766   6649.8545  5749.404   3658.9463  3851.8967  5969.043
   6583.553   6699.5317]]

kernel all zeros: False
kernel max: 9.908059e+04
ref max: 0.000000e+00
