n_eig=18
ref_cupy sum: 0.000000e+00
kernel  sum: 1.105624e+08
ref[0]:
[[0. 0. 0. 0. 0. 0. 0. 0. 0. 0. 0. 0. 0. 0. 0. 0. 0. 0.]
 [0. 0. 0. 0. 0. 0. 0. 0. 0. 0. 0. 0. 0. 0. 0. 0. 0. 0.]
 [0. 0. 0. 0. 0. 0. 0. 0. 0. 0. 0. 0. 0. 0. 0. 0. 0. 0.]
 [0. 0. 0. 0. 0. 0. 0. 0. 0. 0. 0. 0. 0. 0. 0. 0. 0. 0.]
 [0. 0. 0. 0. 0. 0. 0. 0. 0. 0. 0. 0. 0. 0. 0. 0. 0. 0.]
 [0. 0. 0. 0. 0. 0. 0. 0. 0. 0. 0. 0. 0. 0. 0. 0. 0. 0.]
 [0. 0. 0. 0. 0. 0. 0. 0. 0. 0. 0. 0. 0. 0. 0. 0. 0. 0.]
 [0. 0. 0. 0. 0. 0. 0. 0. 0. 0. 0. 0. 0. 0. 0. 0. 0. 0.]
 [0. 0. 0. 0. 0. 0. 0. 0. 0. 0. 0. 0. 0. 0. 0. 0. 0. 0.]
 [0. 0. 0. 0. 0. 0. 0. 0. 0. 0. 0. 0. 0. 0. 0. 0. 0. 0.]
 [0. 0. 0. 0. 0. 0. 0. 0. 0. 0. 0. 0. 0. 0. 0. 0. 0. 0.]
 [0. 0. 0. 0. 0. 0. 0. 0. 0. 0. 0. 0. 0. 0. 0. 0. 0. 0.]
 [0. 0. 0. 0. 0. 0. 0. 0. 0. 0. 0. 0. 0. 0. 0. 0. 0. 0.]
 [0. 0. 0. 0. 0. 0. 0. 0. 0. 0. 0. 0. 0. 0. 0. 0. 0. 0.]
 [0. 0. 0. 0. 0. 0. 0. 0. 0. 0. 0. 0. 0. 0. 0. 0. 0. 0.]
 [0. 0. 0. 0. 0. 0. 0. 0. 0. 0. 0. 0. 0. 0. 0. 0. 0. 0.]
 [0. 0. 0. 0. 0. 0. 0. 0. 0. 0. 0. 0. 0. 0. 0. 0. 0. 0.]
 [0. 0. 0. 0. 0. 0. 0. 0. 0. 0. 0. 0. 0. 0. 0. 0. 0. 0.]]

gpu[0]:
[[ 1723.1566  1506.3113  3434.9663  1080.5536  2746.8965  1537.0192
   2076.395   2926.297   1463.3354  2486.6436  2911.1536  2433.564
    908.0423  1526.7874  1311.376   2723.8633  3107.2612  2474.915 ]
 [ 1506.3113  2605.4016  4082.2744  2217.7156  3118.4263  1939.0326
   2597.0298  3593.1235  2264.3506  3109.4053  3369.7708  2683.5127
   1179.1803  2033.4822  1603.1682  3180.3965  3518.4912  2591.9622]
 [ 3434.9663  4082.2744 14831.45    2305.7158 11212.988   4364.679
   7498.654  11823.748   4041.2666  9235.424  11732.108   9793.658
   1470.439   4569.6523  3531.1902 10585.65   12453.7705  9225.61  ]
 [ 1080.5536  2217.7156  2305.7158  2715.067   1816.2773  1543.1808
   1860.7809  2267.801   2145.7524  2079.8362  2004.1061  1497.8616
   1227.447   1719.9121  1367.1804  2015.1902  1960.6617  1468.178 ]
 [ 2746.8965  3118.4263 11212.988   1816.2773  9100.7295  3387.1807
   5909.382   9050.236   3121.5322  7101.6714  9054.4375  7700.9966
   1263.0603  3610.3606  2911.007   8318.138   9653.36    7376.1914]
 [ 1537.0192  1939.0326  4364.679   1543.1808  3387.1807  2133.0962
   2538.811   3815.7183  1888.6108  3226.25    3610.7976  2993.176
   1000.5527  1903.0645  1456.5984  3323.2307  3844.829   2821.1611]
 [ 2076.395   2597.0298  7498.654   1860.7809  5909.382   2538.811
   4388.21    6173.344   2543.8394  4978.468   6101.0405  5135.436
   1174.8032  2770.9658  2222.7144  5685.7876  6456.419   4917.435 ]
 [ 2926.297   3593.1235 11823.748   2267.801   9050.236   3815.7183
   6173.344   9984.477   3559.4048  7686.021   9535.659   7925.446
   1421.9341  3899.7263  2961.8645  8615.762  10181.733   7413.1953]
 [ 1463.3354  2264.3506  4041.2666  2145.7524  3121.5322  1888.6108
   2543.8394  3559.4048  2469.3005  3053.3926  3332.6577  2709.6016
   1171.8208  1988.3978  1599.939   3147.6833  3490.624   2544.1772]
 [ 2486.6436  3109.4053  9235.424   2079.8362  7101.6714  3226.25
   4978.468   7686.021   3053.3926  6499.4126  7472.1294  6279.638
   1339.9752  3321.524   2536.9272  6824.6025  7980.1357  5775.845 ]
 [ 2911.1536  3369.7708 11732.108   2004.1061  9054.4375  3610.7976
   6101.0405  9535.659   3332.6577  7472.1294  9678.286   7930.029
   1311.7515  3771.5962  2988.0164  8634.967  10076.043   7513.81  ]
 [ 2433.564   2683.5127  9793.658   1497.8616  7700.9966  2993.176
   5135.436   7925.446   2709.6016  6279.638   7930.029   6955.313
   1158.2771  3208.3135  2531.8547  7209.7993  8412.489   6334.3887]
 [  908.0423  1179.1803  1470.439   1227.447   1263.0603  1000.5527
   1174.8032  1421.9341  1171.8208  1339.9752  1311.7515  1158.2771
   1115.6255  1080.5304   936.9915  1277.2964  1354.2761  1151.6619]
 [ 1526.7874  2033.4822  4569.6523  1719.9121  3610.3606  1903.0645
   2770.9658  3899.7263  1988.3978  3321.524   3771.5962  3208.3135
   1080.5304  2353.7495  1639.4927  3542.0518  3930.5806  2931.019 ]
 [ 1311.376   1603.1682  3531.1902  1367.1804  2911.007   1456.5984
   2222.7144  2961.8645  1599.939   2536.9272  2988.0164  2531.8547
    936.9915  1639.4927  1636.8796  2868.7246  3119.1995  2490.7175]
 [ 2723.8633  3180.3965 10585.65    2015.1902  8318.138   3323.2307
   5685.7876  8615.762   3147.6833  6824.6025  8634.967   7209.7993
   1277.2964  3542.0518  2868.7246  8206.752   9135.229   6971.797 ]
 [ 3107.2612  3518.4912 12453.7705  1960.6617  9653.36    3844.829
   6456.419  10181.733   3490.624   7980.1357 10076.043   8412.489
   1354.2761  3930.5806  3119.1995  9135.229  11005.361   7959.586 ]
 [ 2474.915   2591.9622  9225.61    1468.178   7376.1914  2821.1611
   4917.435   7413.1953  2544.1772  5775.845   7513.81    6334.3887
   1151.6619  2931.019   2490.7175  6971.797   7959.586   6649.038 ]]

kernel all zeros: False
kernel max: 9.490891e+04
ref max: 0.000000e+00
n_eig=18
ref_cupy sum: 0.000000e+00
kernel  sum: 1.105624e+08
ref[0]:
[[0. 0. 0. 0. 0. 0. 0. 0. 0. 0. 0. 0. 0. 0. 0. 0. 0. 0.]
 [0. 0. 0. 0. 0. 0. 0. 0. 0. 0. 0. 0. 0. 0. 0. 0. 0. 0.]
 [0. 0. 0. 0. 0. 0. 0. 0. 0. 0. 0. 0. 0. 0. 0. 0. 0. 0.]
 [0. 0. 0. 0. 0. 0. 0. 0. 0. 0. 0. 0. 0. 0. 0. 0. 0. 0.]
 [0. 0. 0. 0. 0. 0. 0. 0. 0. 0. 0. 0. 0. 0. 0. 0. 0. 0.]
 [0. 0. 0. 0. 0. 0. 0. 0. 0. 0. 0. 0. 0. 0. 0. 0. 0. 0.]
 [0. 0. 0. 0. 0. 0. 0. 0. 0. 0. 0. 0. 0. 0. 0. 0. 0. 0.]
 [0. 0. 0. 0. 0. 0. 0. 0. 0. 0. 0. 0. 0. 0. 0. 0. 0. 0.]
 [0. 0. 0. 0. 0. 0. 0. 0. 0. 0. 0. 0. 0. 0. 0. 0. 0. 0.]
 [0. 0. 0. 0. 0. 0. 0. 0. 0. 0. 0. 0. 0. 0. 0. 0. 0. 0.]
 [0. 0. 0. 0. 0. 0. 0. 0. 0. 0. 0. 0. 0. 0. 0. 0. 0. 0.]
 [0. 0. 0. 0. 0. 0. 0. 0. 0. 0. 0. 0. 0. 0. 0. 0. 0. 0.]
 [0. 0. 0. 0. 0. 0. 0. 0. 0. 0. 0. 0. 0. 0. 0. 0. 0. 0.]
 [0. 0. 0. 0. 0. 0. 0. 0. 0. 0. 0. 0. 0. 0. 0. 0. 0. 0.]
 [0. 0. 0. 0. 0. 0. 0. 0. 0. 0. 0. 0. 0. 0. 0. 0. 0. 0.]
 [0. 0. 0. 0. 0. 0. 0. 0. 0. 0. 0. 0. 0. 0. 0. 0. 0. 0.]
 [0. 0. 0. 0. 0. 0. 0. 0. 0. 0. 0. 0. 0. 0. 0. 0. 0. 0.]
 [0. 0. 0. 0. 0. 0. 0. 0. 0. 0. 0. 0. 0. 0. 0. 0. 0. 0.]]

gpu[0]:
[[ 1723.1566  1506.3113  3434.9663  1080.5536  2746.8965  1537.0192
   2076.395   2926.297   1463.3354  2486.6436  2911.1536  2433.564
    908.0423  1526.7874  1311.376   2723.8633  3107.2612  2474.915 ]
 [ 1506.3113  2605.4016  4082.2744  2217.7156  3118.4263  1939.0326
   2597.0298  3593.1235  2264.3506  3109.4053  3369.7708  2683.5127
   1179.1803  2033.4822  1603.1682  3180.3965  3518.4912  2591.9622]
 [ 3434.9663  4082.2744 14831.45    2305.7158 11212.988   4364.679
   7498.654  11823.748   4041.2666  9235.424  11732.108   9793.658
   1470.439   4569.6523  3531.1902 10585.65   12453.7705  9225.61  ]
 [ 1080.5536  2217.7156  2305.7158  2715.067   1816.2773  1543.1808
   1860.7809  2267.801   2145.7524  2079.8362  2004.1061  1497.8616
   1227.447   1719.9121  1367.1804  2015.1902  1960.6617  1468.178 ]
 [ 2746.8965  3118.4263 11212.988   1816.2773  9100.7295  3387.1807
   5909.382   9050.236   3121.5322  7101.6714  9054.4375  7700.9966
   1263.0603  3610.3606  2911.007   8318.138   9653.36    7376.1914]
 [ 1537.0192  1939.0326  4364.679   1543.1808  3387.1807  2133.0962
   2538.811   3815.7183  1888.6108  3226.25    3610.7976  2993.176
   1000.5527  1903.0645  1456.5984  3323.2307  3844.829   2821.1611]
 [ 2076.395   2597.0298  7498.654   1860.7809  5909.382   2538.811
   4388.21    6173.344   2543.8394  4978.468   6101.0405  5135.436
   1174.8032  2770.9658  2222.7144  5685.7876  6456.419   4917.435 ]
 [ 2926.297   3593.1235 11823.748   2267.801   9050.236   3815.7183
   6173.344   9984.477   3559.4048  7686.021   9535.659   7925.446
   1421.9341  3899.7263  2961.8645  8615.762  10181.733   7413.1953]
 [ 1463.3354  2264.3506  4041.2666  2145.7524  3121.5322  1888.6108
   2543.8394  3559.4048  2469.3005  3053.3926  3332.6577  2709.6016
   1171.8208  1988.3978  1599.939   3147.6833  3490.624   2544.1772]
 [ 2486.6436  3109.4053  9235.424   2079.8362  7101.6714  3226.25
   4978.468   7686.021   3053.3926  6499.4126  7472.1294  6279.638
   1339.9752  3321.524   2536.9272  6824.6025  7980.1357  5775.845 ]
 [ 2911.1536  3369.7708 11732.108   2004.1061  9054.4375  3610.7976
   6101.0405  9535.659   3332.6577  7472.1294  9678.286   7930.029
   1311.7515  3771.5962  2988.0164  8634.967  10076.043   7513.81  ]
 [ 2433.564   2683.5127  9793.658   1497.8616  7700.9966  2993.176
   5135.436   7925.446   2709.6016  6279.638   7930.029   6955.313
   1158.2771  3208.3135  2531.8547  7209.7993  8412.489   6334.3887]
 [  908.0423  1179.1803  1470.439   1227.447   1263.0603  1000.5527
   1174.8032  1421.9341  1171.8208  1339.9752  1311.7515  1158.2771
   1115.6255  1080.5304   936.9915  1277.2964  1354.2761  1151.6619]
 [ 1526.7874  2033.4822  4569.6523  1719.9121  3610.3606  1903.0645
   2770.9658  3899.7263  1988.3978  3321.524   3771.5962  3208.3135
   1080.5304  2353.7495  1639.4927  3542.0518  3930.5806  2931.019 ]
 [ 1311.376   1603.1682  3531.1902  1367.1804  2911.007   1456.5984
   2222.7144  2961.8645  1599.939   2536.9272  2988.0164  2531.8547
    936.9915  1639.4927  1636.8796  2868.7246  3119.1995  2490.7175]
 [ 2723.8633  3180.3965 10585.65    2015.1902  8318.138   3323.2307
   5685.7876  8615.762   3147.6833  6824.6025  8634.967   7209.7993
   1277.2964  3542.0518  2868.7246  8206.752   9135.229   6971.797 ]
 [ 3107.2612  3518.4912 12453.7705  1960.6617  9653.36    3844.829
   6456.419  10181.733   3490.624   7980.1357 10076.043   8412.489
   1354.2761  3930.5806  3119.1995  9135.229  11005.361   7959.586 ]
 [ 2474.915   2591.9622  9225.61    1468.178   7376.1914  2821.1611
   4917.435   7413.1953  2544.1772  5775.845   7513.81    6334.3887
   1151.6619  2931.019   2490.7175  6971.797   7959.586   6649.038 ]]

kernel all zeros: False
kernel max: 9.490891e+04
ref max: 0.000000e+00
